k=1 perms=((0, 1, 2, 3, 4, 5), (0, 1, 2, 3, 4, 5), (0, 1, 2, 3, 4, 5), (0, 1, 2, 3, 4, 5)) solution=(0, 0, 0, 0, 0, 0, 0, 0, 0, 0, 0, 0, 0, 0, 0, 0, 0, 0, 0, 0, 0, 0, 0, 0, 0) kernel_mod5=625 kernel_mod8=4096
REJECT k=1 perms=((0, 1, 2, 3, 4, 5), (0, 1, 2, 3, 4, 5), (1, 0, 3, 2, 5, 4), (1, 0, 3, 2, 5, 4)) modulus=5 dot_rhs=1 sparse_left_null=(((0, 2, 4, 4), 2), ((0, 2, 5, 4), 3), ((0, 3, 4, 0), 3), ((0, 3, 5, 0), 2))
REJECT k=9 perms=((0, 1, 2, 3, 4, 5), (0, 1, 2, 3, 4, 5), (0, 1, 2, 3, 4, 5), (0, 1, 2, 3, 4, 5)) modulus=5 dot_rhs=1 sparse_left_null=(((0, 2, 4, 4), 3), ((0, 2, 5, 4), 2), ((0, 3, 4, 0), 2), ((0, 3, 5, 0), 3))
REJECT k=9 perms=((0, 1, 2, 3, 4, 5), (0, 1, 2, 3, 4, 5), (1, 0, 3, 2, 5, 4), (1, 0, 3, 2, 5, 4)) modulus=5 dot_rhs=1 sparse_left_null=(((0, 3, 4, 1), 2), ((0, 4, 2, 2), 3), ((1, 0, 4, 1), 3), ((1, 4, 0, 2), 2), ((2, 0, 2, 4), 2), ((2, 3, 0, 4), 3))
REJECT k=11 perms=((0, 1, 2, 3, 4, 5), (0, 1, 2, 3, 4, 5), (0, 1, 2, 3, 4, 5), (0, 1, 2, 3, 4, 5)) modulus=8 dot_rhs=4 sparse_left_null=(((0, 3, 4, 1), 7), ((0, 4, 2, 2), 1), ((1, 0, 4, 1), 1), ((1, 4, 0, 2), 7), ((2, 0, 2, 4), 7), ((2, 3, 0, 4), 1))
REJECT k=11 perms=((0, 1, 2, 3, 4, 5), (0, 1, 2, 3, 4, 5), (1, 0, 3, 2, 5, 4), (1, 0, 3, 2, 5, 4)) modulus=5 dot_rhs=1 sparse_left_null=(((0, 2, 4, 4), 2), ((0, 2, 5, 4), 3), ((0, 3, 4, 0), 3), ((0, 3, 5, 0), 2))
REJECT k=19 perms=((0, 1, 2, 3, 4, 5), (0, 1, 2, 3, 4, 5), (0, 1, 2, 3, 4, 5), (0, 1, 2, 3, 4, 5)) modulus=5 dot_rhs=1 sparse_left_null=(((0, 2, 4, 4), 3), ((0, 2, 5, 4), 2), ((0, 3, 4, 0), 2), ((0, 3, 5, 0), 3))
REJECT k=19 perms=((0, 1, 2, 3, 4, 5), (0, 1, 2, 3, 4, 5), (1, 0, 3, 2, 5, 4), (1, 0, 3, 2, 5, 4)) modulus=5 dot_rhs=1 sparse_left_null=(((0, 3, 4, 1), 2), ((0, 4, 2, 2), 3), ((1, 0, 4, 1), 3), ((1, 4, 0, 2), 2), ((2, 0, 2, 4), 2), ((2, 3, 0, 4), 3))
k=21 perms=((0, 1, 2, 3, 4, 5), (0, 1, 2, 3, 4, 5), (0, 1, 2, 3, 4, 5), (0, 1, 2, 3, 4, 5)) solution=(0, 0, 0, 0, 0, 0, 0, 0, 0, 0, 0, 0, 0, 0, 0, 0, 0, 0, 0, 0, 0, 0, 0, 0, 20) kernel_mod5=625 kernel_mod8=4096
REJECT k=21 perms=((0, 1, 2, 3, 4, 5), (0, 1, 2, 3, 4, 5), (1, 0, 3, 2, 5, 4), (1, 0, 3, 2, 5, 4)) modulus=5 dot_rhs=1 sparse_left_null=(((0, 2, 4, 4), 2), ((0, 2, 5, 4), 3), ((0, 3, 4, 0), 3), ((0, 3, 5, 0), 2))
REJECT k=29 perms=((0, 1, 2, 3, 4, 5), (0, 1, 2, 3, 4, 5), (0, 1, 2, 3, 4, 5), (0, 1, 2, 3, 4, 5)) modulus=5 dot_rhs=1 sparse_left_null=(((0, 2, 4, 4), 3), ((0, 2, 5, 4), 2), ((0, 3, 4, 0), 2), ((0, 3, 5, 0), 3))
REJECT k=29 perms=((0, 1, 2, 3, 4, 5), (0, 1, 2, 3, 4, 5), (1, 0, 3, 2, 5, 4), (1, 0, 3, 2, 5, 4)) modulus=5 dot_rhs=1 sparse_left_null=(((0, 3, 4, 1), 2), ((0, 4, 2, 2), 3), ((1, 0, 4, 1), 3), ((1, 4, 0, 2), 2), ((2, 0, 2, 4), 2), ((2, 3, 0, 4), 3))
REJECT k=31 perms=((0, 1, 2, 3, 4, 5), (0, 1, 2, 3, 4, 5), (0, 1, 2, 3, 4, 5), (0, 1, 2, 3, 4, 5)) modulus=8 dot_rhs=4 sparse_left_null=(((0, 3, 4, 1), 7), ((0, 4, 2, 2), 1), ((1, 0, 4, 1), 1), ((1, 4, 0, 2), 7), ((2, 0, 2, 4), 7), ((2, 3, 0, 4), 1))
REJECT k=31 perms=((0, 1, 2, 3, 4, 5), (0, 1, 2, 3, 4, 5), (1, 0, 3, 2, 5, 4), (1, 0, 3, 2, 5, 4)) modulus=5 dot_rhs=1 sparse_left_null=(((0, 2, 4, 4), 2), ((0, 2, 5, 4), 3), ((0, 3, 4, 0), 3), ((0, 3, 5, 0), 2))
REJECT k=39 perms=((0, 1, 2, 3, 4, 5), (0, 1, 2, 3, 4, 5), (0, 1, 2, 3, 4, 5), (0, 1, 2, 3, 4, 5)) modulus=5 dot_rhs=1 sparse_left_null=(((0, 2, 4, 4), 3), ((0, 2, 5, 4), 2), ((0, 3, 4, 0), 2), ((0, 3, 5, 0), 3))
REJECT k=39 perms=((0, 1, 2, 3, 4, 5), (0, 1, 2, 3, 4, 5), (1, 0, 3, 2, 5, 4), (1, 0, 3, 2, 5, 4)) modulus=5 dot_rhs=1 sparse_left_null=(((0, 3, 4, 1), 2), ((0, 4, 2, 2), 3), ((1, 0, 4, 1), 3), ((1, 4, 0, 2), 2), ((2, 0, 2, 4), 2), ((2, 3, 0, 4), 3))
